10457
26346
28467
22724
28850
28854
28856
26464
28453
598
27056
27706
27716
27745
27935
28108
8976
11719
28426
28496
701
755
10525
11808
12794
26758
27979
28791
28792
28807
28809
28810
28817
28819
28822
28823
28827
28837
28839
28444
28777
27713
28845
28846
12162
12808
12917
19084
27380
28168
28213
28392
28393
1480
2845
2848
2849
2850
2852
2853
2854
2856
2857
2858
2859
2860
2861
2864
2866
2868
2871
2872
2874
2875
2877
2878
2879
2889
2890
2893
2894
2897
2898
2899
2901
2903
2904
2905
2908
2909
2910
2911
2913
2916
3484
3485
3486
3487
3489
3491
3492
3494
3498
3501
3502
3505
3509
3511
3512
3513
3515
3516
3518
3520
3521
3524
3526
3528
3532
3538
3539
3541
3543
3545
3546
3547
3548
3549
3550
3551
3552
3553
3554
3555
3556
3558
3559
3560
3561
3562
3563
3566
3569
3571
3573
3575
3580
3582
3584
3586
3588
3589
3591
3592
3599
3602
2739
2740
2744
2745
2747
2748
2749
2750
2751
2754
2755
2759
2760
2763
2764
2765
2766
2767
2768
2771
2772
2773
2774
2776
2777
2779
2780
2781
2783
2785
2788
2789
2790
2792
2793
2794
2797
2799
2801
2802
2803
2804
2809
2810
2813
2819
2821
2822
2823
2827
2828
2829
2830
2831
2832
2833
2836
2838
2839
2840
2918
2919
2921
2922
2924
2925
2927
2928
2929
2930
2932
2937
2938
2942
2943
2944
2945
2946
2951
2952
2953
2958
2964
2965
2968
2969
2971
2972
2974
2975
2978
2979
2983
2986
2987
2988
2989
2990
2991
2993
2994
2996
2999
3000
3002
3003
3004
3007
3008
3012
3016
3017
3024
3028
3029
3030
3031
3033
3034
3035
3036
3037
3038
3041
3042
3043
3044
3045
3046
3048
3049
3050
3051
3054
3056
3057
3058
3062
3064
3066
3069
3071
3073
3074
3075
3077
3080
3084
3085
3089
3090
3091
3095
3098
3099
3101
3103
3104
3112
3113
3114
3115
3116
3117
3120
3245
3246
3249
3252
3253
3254
3255
3257
3259
3260
3262
3263
3265
3268
3269
3270
3271
3272
3273
3274
3276
3277
3284
3287
3289
3290
3291
3293
3294
3297
3299
3305
3307
3308
3313
3314
3315
3316
3318
3319
3320
3321
3322
3324
3325
3326
3327
3329
3330
3331
3332
3334
3335
3337
3338
3339
3340
3341
3343
3346
3347
3348
3353
3354
3356
3357
3359
3362
3363
3364
3365
3366
3367
3368
3369
3370
3371
3376
3378
3380
3381
3385
3388
3391
3392
3393
3397
3398
3399
3400
3404
3406
3407
3408
3410
3412
3413
3415
3416
3417
3418
3419
3420
3421
3427
3431
3432
3435
3436
3438
3440
3442
3443
3444
3449
3451
3454
3457
3459
3460
3462
3463
3466
3468
3469
3470
3473
3474
3475
3476
3477
3478
3479
3482
3483
3755
3756
3757
3758
3760
3763
3764
3765
3768
3769
3771
3773
3774
3775
3776
3670
3671
3672
3673
3674
3676
3677
3678
3679
3680
3681
3683
3685
3686
3687
3891
3893
3897
3898
3899
3901
3905
3907
3909
3910
3911
3912
3913
3914
3915
3916
3918
3919
3922
3923
3924
3927
3930
3941
3942
3944
3945
3946
3947
3952
3960
3962
3963
3966
3969
3970
3971
3972
3973
3976
3977
3978
3982
3983
3984
2323
2326
2330
2331
2332
2333
2336
2337
2338
2339
2342
2344
2345
2349
2351
2353
2354
2355
2356
2358
2360
2361
2368
2370
2371
2376
2378
2382
2384
2387
2389
2391
2392
2393
2394
2395
2396
2397
2399
2400
2401
2402
2403
2405
2408
2409
2410
2411
2413
2415
2416
2417
2418
2419
2420
2422
2423
1153
1154
1155
1157
1158
1159
1163
1165
1166
1167
1170
1171
1174
1175
1177
1179
1180
1184
1185
1188
1189
1190
1191
1192
1193
1195
1196
1197
1198
1199
1200
1201
1202
1203
1204
1207
1212
1213
1214
1215
1545
1546
1848
1849
1850
1853
1855
1856
1574
1575
1576
1577
1578
1580
1582
1583
1584
1586
1587
1588
1590
1594
1597
1599
1600
1601
1602
1604
1607
1608
1611
1612
1614
1616
1617
1622
1623
1627
1628
1629
1630
1631
1634
1635
1637
1638
1639
1640
1641
1642
1644
1645
1648
1650
1651
1652
1653
1654
1655
1656
1657
1658
1659
1662
1663
1665
1666
1670
1673
1905
1914
1915
1916
1919
1924
1926
1930
1931
1932
1933
1934
1935
1936
1937
1938
1940
1941
1942
1945
1946
1947
1948
1949
1950
1951
1952
1954
1955
1956
1957
1961
1962
1963
1964
1965
1966
1968
1969
1970
1971
1973
1975
1976
1977
1978
1979
1981
1982
1983
1990
1992
1993
1994
1996
1997
1998
1999
2000
2001
2002
2003
2004
2005
2006
2008
2009
2011
2012
2014
2015
2016
2018
2019
2020
2022
2023
2025
2026
2027
2030
2033
2035
2036
2040
2043
2045
2048
2049
2050
2051
2054
2055
2059
2060
2063
2064
2065
2066
2068
2074
2075
2076
2078
2080
2081
2082
2083
2084
2085
2086
2088
2091
2093
2094
2095
2097
2098
2101
2102
2103
2105
2106
2107
2108
2109
2111
2112
2113
2114
2115
2117
2118
2119
2120
2121
2122
2125
2126
2128
2129
2130
2131
2134
2135
2136
2137
2138
2139
2140
2143
2145
2146
2147
2148
2149
2150
2151
2152
2155
2157
2160
2161
2162
2163
2165
2168
2171
2175
2176
2178
2179
2180
2181
2182
2188
2190
2191
2192
2193
2194
2195
2197
2198
2199
2205
2206
2208
2209
2210
2211
2213
2215
2216
2217
2218
2220
2221
2224
2227
2228
2231
2232
2234
2235
2236
2237
2238
2239
2241
2243
2244
2247
2248
2249
2254
2255
2258
2261
2262
2263
2266
2267
2268
2269
2271
2272
2273
2275
2276
2277
2279
2281
2282
2285
2286
2287
2288
2289
2290
2291
2295
2300
2301
2303
2304
2305
2308
2309
2311
2312
2314
2315
2317
2320
2321
2446
2448
2452
2454
2461
2462
2465
2466
2467
2469
2470
2472
2473
2474
2475
2479
2483
2485
2486
2487
2489
2491
2494
2495
2497
2499
2502
2504
2508
2510
2511
2513
2515
2516
2520
2523
2524
2525
2526
2527
2528
2529
2530
2533
2535
2536
2541
2542
2549
2550
2552
2553
2555
2557
2558
2559
2562
2563
2564
2565
2567
2568
2569
2570
2574
2576
2577
2578
2579
2581
2582
2583
2584
2585
2586
2590
2591
2592
2593
2594
2595
2596
2597
2599
2600
2603
2604
2605
2606
2607
2608
2610
2611
2612
2617
2619
2621
2622
2623
2624
2625
2626
2627
2629
2630
2631
2632
2633
2634
2637
2639
2640
2641
2646
2647
2648
2652
2653
2654
2655
2670
2671
2672
2673
2674
2675
2676
2677
2678
2681
2683
2685
2689
2692
2694
2695
2696
2697
2699
2700
2701
2702
2706
2708
2709
2710
2711
2712
2713
2718
2722
2723
2726
2728
2735
2738
3124
3128
3129
3130
3135
3136
3140
3141
3142
3143
3146
3148
3149
3150
3154
3155
3157
3158
3159
3160
3161
3163
3164
3165
3169
3170
3171
3172
3173
3180
3181
3182
3185
3187
3188
3190
3191
3192
3195
3197
3201
3202
3204
3206
3208
3211
3212
3215
3217
3218
3220
3221
3224
3225
3227
3228
3231
3233
3236
3238
3241
3242
3606
3608
3609
3610
3611
3613
3614
3616
3617
3618
3619
3620
3621
3622
3624
3625
3627
3628
1322
1323
1324
1325
1326
1327
1328
1329
1330
1331
1332
1333
1334
1335
1336
1337
1338
1340
1341
1342
1343
1345
1346
1347
1362
1367
1368
1370
1371
1372
1374
1375
1377
1381
1383
1387
1388
1389
1390
1391
1392
1393
1394
1395
1396
1397
1454
1457
1458
1461
1462
1463
1464
1465
1466
1468
1469
1470
1471
1473
1477
1481
1483
1484
1691
1693
1694
1695
1696
1697
1698
1700
1702
1707
1708
1709
1715
1723
1726
1727
1728
1732
1733
1736
1740
1742
1743
1746
1748
1749
1756
1760
1762
1763
1766
1771
1772
1773
1776
1779
1780
1781
1783
1785
1786
1788
1790
1803
1804
1806
1807
1808
1811
1814
1815
1817
1819
1821
1823
1824
1825
1828
1829
1830
1831
1833
1837
1838
1839
1840
1842
1844
1846
1847
1893
2424
2425
2426
2429
2430
2433
2435
2437
2438
2439
2440
2442
2443
2444
2445
3689
3691
3700
3701
3704
3707
3711
3713
3714
3717
3719
3720
3722
3724
3726
3727
3729
3731
3732
3733
3736
3737
3738
3740
3742
3744
3745
3748
3752
3753
3754
4091
4092
4093
4171
4177
4179
4180
4181
4182
4183
4184
4185
4186
4188
4190
4191
4193
4194
4196
4197
4201
4205
4206
4207
4208
4209
4211
4212
4213
4214
4220
4221
4223
4224
4228
4229
4231
4232
4233
4234
4380
4384
4385
4386
4387
4389
4390
4391
4392
4393
4395
4397
4398
4399
4400
4409
4412
4415
4416
4418
4422
4423
4427
4428
4432
4435
4436
4440
4441
4442
4443
4444
4451
4452
4453
4455
4456
4460
4471
4477
4479
4482
4487
4489
4490
4492
4516
4535
4540
4543
4544
4547
4548
4551
4377
4378
4379
18940
19225
19860
26960
26998
27342
1494
2110
28086
25914
10828
28068
10829
11520
14338
19282
28027
28018
28019
28402
28020
28021
28676
28635
28644
28646
28647
25749
25060
11647
20068
10532
11947
12558
20928
26721
25578
27851
28782
28785
28786
28794
28795
28605
28606
28608
28740
28742
3102
5540
22902
24556
26563
28811
28812
28834
1194
3177
25971
27619
27440
27472
27502
27526
27854
28570
28572
28844
23868
17059
3151
20998
10355
26373
26446
27852
27695
7806
26584
26585
20112
28210
27907
28192
12248
24961
7613
26740
19608
26570
26771
27485
9615
345
432
3266
5861
7816
27900
28186
28497
20929
20963
21038
27971
3530
10582
2540
22888
27587
28362
10052
14315
24603
26086
26512
27338
28542
28544
28550
3147
20070
25752
27170
28526
28529
28530
28532
28533
28536
12467
8307
10755
11660
11686
20389
25508
8142
8143
9912
9914
9915
11475
11488
11661
11662
11835
24759
26433
26667
27751
28034
28035
28165
28487
25985
27949
21513
25793
27417
23691
28147
11663
12443
28501
28512
28030
4226
24490
7805
12392
21020
22713
12048
28523
2153
17994
26655
27128
28540
28553
28554
28555
8579
28202
28359
9410
9647
9727
12497
26957
27024
27869
27933
3810
20803
22290
24709
12017
18719
1889
2164
7191
7467
8621
9761
10218
10486
18658
23264
26287
26561
26969
27783
28217
12131
23771
6648
21311
25871
28032
28228
12400
26372
391
8977
20291
3504
28250
11510
25183
26794
11734
17117
28549
7933
23252
4331
10025
27302
11008
13113
4056
5966
11678
12727
28197
28294
6592
7193
7349
10243
22390
23828
25838
12222
12662
24975
27373
27954
28421
28494
26786
27263
28203
28579
28581
28582
28610
28612
28613
28614
28615
28616
28617
28625
1304
3323
3401
3652
3986
4411
7184
7404
26316
26618
26785
27104
27550
1303
11441
26811
394
1921
13160
27121
2716
3088
10188
12566
12726
27936
28128
9810
25585
26207
28155
28559
28562
28563
28564
28565
28569
7802
8673
8779
9029
9342
9683
9927
9974
10207
10273
10275
10354
10444
10467
10482
10787
10866
11489
11588
11604
12463
12603
12785
12821
13008
13115
13832
13925
13954
16410
17259
17317
17397
19881
20152
20898
20927
21039
21184
23102
23189
24898
25250
26254
26909
26918
26971
27070
27236
27571
27676
27739
8497
27958
28410
28669
28671
28672
28673
28674
28675
28679
28687
28688
28689
28704
28705
28706
28707
28711
28712
28717
11557
7368
12856
26596
4434
27682
5461
27684
7396
9972
21702
25618
27270
28630
28632
28633
28678
28628
28629
2548
7683
13924
25748
4266
18897
20268
21227
25981
27562
28244
28557
15243
333
2377
2796
3162
3570
3869
2784
3156
3214
3310
3821
3885
4014
4084
4102
4219
4225
4333
4352
4494
6443
6531
6550
6707
7181
22768
12721
20595
20832
22235
22728
23131
25925
25987
25988
26240
26638
27860
28081
24650
23044
9477
9824
12722
23385
28686
28695
28696
28699
28700
28702
28703
28710
28722
28725
28732
28735
28736
28715
4617
10051
19712
28665
19725
21419
3997
9933
10122
11464
11569
26340
27232
27898
28389
28007
9412
9607
11658
11687
11771
20261
21200
21235
21346
22044
22356
22471
23260
23655
24746
26306
1778
2667
8207
12080
22734
25848
3118
10357
10979
12500
28391
28618
11193
26221
26410
27180
27451
28160
9448
10006
12421
14877
26608
28500
9382
11675
11827
12797
23282
8816
28489
909
25016
28692
18374
4312
28713
1515
1595
4305
4571
4931
9807
10137
11023
11306
11467
11517
11632
11882
11942
12151
12224
12299
12335
17704
17895
18660
20474
20871
22327
1747
1939
2490
2505
2509
3005
3205
3207
3634
22899
23653
23820
24470
26223
26627
26743
26833
25831
28640
26837
27576
27659
7083
28626
28655
28693
28694
12748
28447
28552
28568
28574
28624
28631
28634
28641
28642
28648
28650
28651
28652
28653
28654
28656
28658
28659
28660
28661
28662
28664
28668
4433
12234
26033
27915
10981
22433
25262
2862
10756
11342
21679
21724
10982
12755
28723
3712
4251
4262
4332
5225
5228
5519
5831
5875
6124
6127
7804
8832
8833
8835
8846
9024
9684
10204
22714
22772
419
511
660
709
1088
1169
1230
1943
1988
2123
385
1280
1282
2184
2575
2719
2778
4241
7980
8259
8390
8424
8657
8834
9609
9612
9652
9784
26342
1183
27583
5783
27635
27948
27950
21619
28537
28667
28685
5651
10070
25867
26225
26615
26662
26800
28636
28637
28851
28852
27838
11667
21340
23221
26075
28161
28525
12842
28502
28504
28505
28506
28508
28509
12486
28169
11617
25036
21256
21516
21596
11005
28309
11700
28720
28721
9210
28731
28734
28773
11568
27607
28727
22832
28728
28802
28804
26629
27511
3535
28609
28729
28560
3786
28503
28516
28517
28519
26925
5695
27467
27631
16658
28510
9
12
15
18
21
22
27
31
34
37
39
42
45
48
52
55
58
61
65
76
620
621
622
623
625
626
627
628
630
631
634
637
638
683
684
685
474
475
476
477
479
480
482
484
640
641
642
643
644
645
646
647
651
652
653
654
655
659
661
668
671
673
676
678
679
680
733
739
740
743
746
747
748
749
751
752
756
758
759
764
770
771
775
776
777
922
923
924
925
926
929
933
963
964
965
967
968
969
970
982
996
998
999
1024
1025
1026
1027
1028
1029
1030
1031
1409
1410
1411
1485
1488
1490
1491
1493
1495
1497
1498
1499
1500
1501
1502
1503
1504
1505
1509
1510
1511
1514
1517
1518
1519
1520
1521
1524
1526
1527
1857
1860
1861
1862
1866
1867
1870
1871
1872
1251
1252
1253
1254
1255
1256
1257
1258
1263
1266
1267
1270
1271
1275
1276
1278
1279
1281
1283
1284
1289
1290
1291
1292
1295
1296
1297
1300
1302
1308
1311
1315
1317
1318
1319
1320
1321
1549
1550
1551
1552
1554
1555
1558
1559
1561
1562
1563
1564
1566
1567
1569
1572
1573
1906
1039
1040
1041
1042
1045
1046
1047
1048
1049
1050
1051
1052
1053
1054
1056
1058
1059
1060
1061
1062
1063
1064
1065
1066
1067
1068
1069
1070
1071
1080
1083
1084
1087
1089
1091
1092
1093
1095
1096
1098
1099
1100
1101
1102
1103
1104
1105
1106
1108
1109
1110
1112
1113
1116
1117
1121
1122
1129
1135
1138
1139
1140
1145
1151
1412
1419
1425
1426
1427
1428
1429
1430
1434
1435
1436
1437
1440
1442
1443
1444
1445
1446
1447
1448
1449
1450
1451
1894
1896
1897
1898
1899
1900
487
488
489
490
491
492
493
495
497
505
507
508
510
515
516
517
518
519
520
523
524
527
529
532
534
535
537
542
544
546
547
549
550
551
553
555
557
559
560
562
563
565
566
568
570
572
573
574
575
576
577
579
583
584
585
587
588
590
591
593
595
596
600
601
603
604
605
606
607
704
705
706
708
710
778
783
784
786
790
792
793
794
795
796
797
798
799
801
803
804
806
808
809
810
811
812
813
814
815
816
817
818
819
820
821
822
823
825
826
827
828
829
830
831
832
833
834
835
836
837
838
840
841
842
843
844
847
848
849
850
852
853
879
880
881
882
883
884
885
886
887
888
889
892
893
894
895
896
897
898
899
900
901
902
903
904
906
908
910
911
913
915
916
917
919
934
6926
21625
6816
11879
26305
26674
10041
23660
5498
10475
10750
11741
12416
26440
27147
27455
28069
1618
1792
9285
11197
11919
21662
27876
28264
28373
27092
27247
27452
1802
3014
5930
7523
11456
22221
22244
22352
22763
26621
26787
27312
2343
11840
11943
22165
27788
26234
26559
27064
27718
28293
28518
28521
28522
19762
25990
27431
1528
1529
1530
1531
1532
1533
1534
1535
1537
1538
1541
1544
1216
1217
1220
1221
1222
1223
1224
1225
1226
1229
1231
1235
1237
1238
1239
1240
1241
1242
1244
1245
1246
1250
1874
1875
1877
1879
1880
1883
1884
1885
1888
1891
1901
1902
1903
1674
1678
1679
1681
1682
1683
1684
1685
1688
1690
1907
1911
1912
1913
7700
9194
14435
19718
22084
27993
23220
11645
25732
26228
3506
26438
26728
26744
28543
28556
28566
28718
28838
7691
28041
28291
28788
28790
28816
28828
28835
28836
503
10527
22448
22719
24211
28188
28601
28602
28603
28604
2601
2865
3429
10868
11878
26911
27156
27488
624
7314
10470
12035
12858
21257
28104
28592
28607
28739
28746
13105
15067
25167
25663
28697
457
10069
19278
20980
21839
26999
27786
11115
11451
21179
28775
28779
28780
28342
28783
28784
28787
28793
12052
22212
28201
28813
28814
28815
8270
28745
7370
8060
8358
9730
11122
11622
11883
12033
13142
28366
20042
8389
10479
10481
10849
11088
21527
27843
28078
28103
28131
28144
28263
28316
28645
11733
27594
28774
24126
28726
28730
28781
27768
27828
27923
8582
28307
28308
28796
28797
28798
28799
28800
28801
8118
4546
11133
11564
20515
28593
28599
28600
28751
28752
28753
28754
10524
11670
26984
28164
707
12839
19210
22388
5121
22749
23837
23875
26113
27667
27668
25930
26362
26962
27322
27660
27782
27837
28805
25105
28127
26981
26982
26983
26987
26988
26991
26993
26995
26996
26997
27000
27001
27002
27003
27004
27005
27006
27007
27008
27010
27011
27012
27014
27016
27017
27018
27019
27020
27021
27022
27023
27025
27026
27027
27028
27029
27030
27031
27032
27033
27034
27035
27036
27040
27041
27042
27043
27044
27045
27046
27048
27049
27050
27053
27058
27059
27060
27061
27063
27227
27228
27229
27230
27233
27234
27235
27237
27238
27239
27240
27241
27242
27244
27245
27248
27249
27250
27251
27252
27253
27254
27255
27261
27266
27267
27273
27275
27276
27281
27283
27284
27285
27286
27287
27288
27289
27290
27291
27292
27294
27295
27296
27297
27298
27300
27301
27303
27304
27305
27306
27307
27308
27309
27310
27311
27314
27315
27316
27318
27319
27320
27321
27323
27324
27325
27326
27327
27328
27332
27333
27334
27335
27336
27339
27340
28106
28377
28378
28379
28380
28381
28382
28385
28488
28491
28492
28495
28498
28499
28458
28459
28460
28461
28462
112
117
119
327
329
331
332
335
336
339
340
342
343
347
349
350
353
354
356
357
358
359
360
361
362
363
364
365
367
371
372
373
375
376
378
379
381
383
387
389
390
392
397
398
399
401
402
406
408
409
413
415
420
424
425
426
427
428
429
434
436
438
439
441
442
444
448
449
451
453
454
455
456
459
462
464
466
467
468
469
470
471
472
473
686
687
689
690
691
692
693
695
698
699
702
703
609
611
614
615
616
618
711
712
715
716
717
718
719
722
724
725
726
728
732
854
855
856
858
859
863
866
867
868
869
870
871
872
873
875
876
877
878
920
921
931
932
946
947
948
949
950
951
952
953
954
955
956
962
983
984
985
986
987
988
989
990
1002
9503
9515
9520
9526
9527
9827
9828
9831
9843
9845
9871
9874
9876
9877
9878
9880
9881
9889
9890
9891
9893
9895
9896
9897
9898
9904
9906
9908
9916
9917
9918
9924
9928
9931
9932
9943
9944
9956
9957
9958
9959
9961
9962
9963
9966
9967
9969
9970
9979
9980
9996
10003
10004
10005
10007
10008
10010
10016
10017
10018
10019
10023
10024
10029
10030
10043
10053
10057
10058
10059
10060
10061
10068
10071
10072
10079
10080
10081
10082
10083
10084
10086
10087
10094
10097
10098
10099
9537
9539
9540
9541
9542
9569
9570
9571
9572
9573
9576
9577
9586
9587
9588
9591
9592
9593
9597
9598
9599
9605
9606
9610
9614
9616
9619
9621
9637
9638
9639
9642
9648
9649
9650
9651
9653
9656
9658
9666
9667
9678
9679
9685
9686
9700
9711
9712
9726
9728
9729
9731
9732
9739
9742
9743
9744
9759
9760
9767
9768
9769
9771
9773
9774
9775
9783
9785
9786
9787
9788
9789
9792
9802
9804
9805
9806
9811
9812
9813
9816
9818
9819
9825
9826
10403
10407
10408
10409
10411
10412
10413
10414
10415
10416
10418
10422
28621
7876
8177
8240
8380
22748
22757
27649
21150
21435
21594
21609
21829
22130
22174
22255
22284
22393
22679
24950
25003
25148
25252
25327
25354
25423
25591
25695
25779
25809
25820
25877
25887
25952
1206
1704
2246
4690
4729
4816
4902
5656
5876
5905
5963
6553
6849
6921
7347
7706
7842
7847
2427
2598
2881
2995
3063
3345
3537
3883
3957
3979
4054
8386
8442
8459
8732
8871
9298
9348
9384
9428
9622
9809
9814
9911
9925
10143
10185
10419
10450
10480
10563
10578
10789
10867
10922
10999
11165
11339
12826
12827
12855
12868
12901
13025
13051
13144
13145
13206
13915
14842
16023
17320
17703
17778
17946
18290
18554
18871
18873
18942
19243
19398
19948
20124
20377
20612
20958
21144
21147
21148
23031
23040
23045
23169
23193
23412
23589
23817
24143
24176
24253
24389
24467
24789
24836
26978
26992
27009
27262
27352
27357
27404
27447
27515
27528
27533
27534
27541
27579
27608
27611
27623
27653
27680
27697
27699
27714
27752
27760
27764
27784
27787
27824
27836
28040
28097
28114
28116
28135
28136
27957
28139
28148
28157
28158
28209
28211
28403
28409
28415
28424
28448
28450
28473
28474
28558
28583
28622
28627
28657
11383
11541
11570
11608
11613
11656
11721
11800
11820
11837
12043
12106
12120
12129
12154
12229
12240
12315
12329
12343
12362
12457
12526
12542
12649
12774
12789
27875
27879
27897
27951
28236
28239
28249
28271
28475
28477
28493
28507
28511
28666
28709
28714
28733
22004
22015
22016
22017
22018
22019
22020
22042
22043
22237
22241
22242
23590
23591
23713
23714
23715
23721
23737
23774
23778
23788
23789
23791
23792
23793
23808
23899
23901
23902
23922
23930
23931
23945
23997
23998
24008
24148
24154
24428
24430
24155
24157
24158
24159
24386
24387
24388
24426
24440
24471
24498
24500
24528
24530
24538
24539
24546
25329
25333
25334
25335
25336
25338
25339
25340
25355
25364
25365
25367
25368
25525
25526
25527
25528
25536
25541
25542
25543
25544
25545
25549
25554
25555
25556
25557
25558
25559
25560
25561
25664
25665
25666
25668
25670
25671
25672
25673
25674
25676
25678
25679
25680
25682
25683
25686
25687
25690
25691
25692
25693
25694
25696
25702
25703
25704
25705
25706
25708
25727
25728
25736
25739
25740
25741
25742
25743
26955
26956
27135
27136
27137
27138
27139
27140
27141
27142
27143
27144
27145
27146
27148
27150
27151
27152
27153
27154
27155
27157
27158
27159
27160
27162
27163
27164
27165
27166
27167
27168
27169
27171
27172
27173
27174
27178
27179
27181
27182
27185
12690
12691
12692
12693
12695
12696
12697
12698
12699
12700
12701
12702
12703
12704
12705
12706
12707
12708
12709
12710
12711
12712
12713
12714
12715
12716
12717
12718
12725
12737
12739
12742
12743
12744
12746
12749
12750
12752
12753
12754
12756
12759
12760
12761
12762
12763
12764
13141
13143
13147
13151
13154
13156
13159
13161
13163
13165
13166
13167
13183
13191
13239
13246
13247
13248
13253
13295
13373
13602
13652
13710
13711
13713
13714
13720
13722
13723
13725
13726
13727
13728
13729
13731
13788
13870
13871
13880
13907
13909
13910
13912
13913
13914
13916
13977
14030
14031
14040
14041
14172
14260
14271
14290
14295
14296
14297
14298
14314
14317
14318
14332
14393
14441
14469
14521
14629
17781
17784
17785
17893
17938
17993
18007
18066
18068
18069
18098
18103
18106
18107
18110
18112
18114
18127
18128
18226
18227
18228
18231
18233
18281
18283
18285
18332
18333
18334
18336
18363
18364
18371
18372
18373
18375
18376
18381
18382
18386
18387
18390
18393
18395
12810
12811
12812
12813
12815
12816
12817
12819
12820
12822
12823
12824
14665
14709
14710
14712
14714
14717
14740
14741
15044
15069
15076
15121
15200
15244
15245
15286
15297
15298
15308
15318
15425
15450
15726
15781
16017
16021
16025
16026
16168
16169
16170
16302
16408
16409
16411
16412
16413
16462
16470
16472
16473
16474
16544
16659
16773
16774
16775
16776
5033
5035
5056
5061
5072
5073
5075
5098
5104
5105
5112
5114
5118
5119
5120
5122
5136
5142
5147
5151
5153
5154
5160
5161
5169
5184
5195
5197
5198
5199
5200
5201
5202
5203
5204
5210
5220
5231
5232
5233
5234
5235
5285
5287
5288
5289
5346
5347
5348
5358
5362
5363
5366
5394
5419
5423
5425
5426
5428
5431
5432
5434
5435
5438
5439
5443
5472
5473
5475
5476
5477
5482
5483
5485
5486
5494
5497
5499
5500
5502
5522
5538
5541
5542
5543
5555
5556
5561
5563
5564
5584
5585
5586
5587
5592
5594
5598
5603
5618
5619
5621
5622
5623
5625
5626
5627
5628
5647
5649
5650
5653
5654
5655
5658
5659
5663
5664
5665
5674
5684
8149
8151
8153
8165
8167
8168
8170
8171
8174
8179
8180
8189
8203
8206
8208
8210
8212
8214
8231
8232
8248
8249
8251
8252
8254
8255
8256
8257
8258
8260
8265
8266
8267
8268
8269
8271
24957
24959
24960
24962
24963
24964
24965
24966
24967
24968
24969
24971
24973
24974
24976
24977
24978
25002
25004
25005
25007
25008
25009
25010
25011
25012
25013
25014
25015
25017
25018
25019
26726
26729
26730
26732
26734
26735
26736
26737
26738
26739
26741
26745
26747
26752
26753
26754
26755
26756
26759
26760
26761
26763
26764
26765
26766
26767
26768
26958
26959
26963
26965
26967
26968
26970
26972
26974
26975
26977
26979
26980
27065
27066
27067
27068
27069
27222
27223
27224
27225
27226
3985
3987
3988
3991
3993
3994
3995
3998
4002
4003
4004
4006
4009
4010
4012
4013
4015
4019
4020
4021
4023
4024
4025
4029
4032
4034
4035
4037
4038
4039
4040
4041
4043
4044
4045
4046
4047
4048
4057
4059
4061
4062
4063
4068
4071
4072
4077
4078
6897
6899
6900
6901
6902
6904
6906
6907
6912
6922
6924
6925
6930
6931
6932
6933
6943
6944
6955
6970
6974
6975
6977
6981
6982
6984
7001
7002
7009
7011
7027
7028
7037
7038
7039
7040
7044
7062
7081
7084
7087
7117
7124
7127
7128
7129
7130
7131
7133
7154
7156
7160
7162
7163
7164
7165
7171
7173
7177
7182
7183
7194
7195
7199
7200
7227
7229
7230
7231
7237
7239
7240
7241
7255
7256
7258
7267
7273
7275
7276
7277
7292
7293
7295
7298
7299
7300
7304
7306
7307
7308
7310
7311
7320
7321
7323
7329
7331
7332
7333
7334
7346
7348
7350
7353
7355
7356
7367
7371
7372
7373
7374
7378
7391
7407
7428
7439
7440
7441
7445
7446
7449
7457
7458
7459
7461
7685
7689
7693
7694
7696
7697
7699
7701
7702
7704
7705
7707
7708
7711
7712
7713
7734
7737
7739
7742
7743
7744
7745
7749
7750
7751
7753
7754
7759
7760
7761
7762
7763
7764
7765
7766
7768
7769
7770
7771
7772
7773
7774
7775
7776
7782
7783
7785
7791
7793
7794
7798
7799
7800
7803
7807
7810
7843
7845
7849
7850
7852
7853
7864
7865
7866
7867
7868
7870
7887
7894
7898
7899
7900
7901
7904
7908
7915
7918
7919
7920
7923
7924
7925
7926
7928
7929
7931
7941
7947
7949
7951
7952
7958
7962
7964
7966
7968
7969
7978
7979
7987
7993
7997
8008
8010
8011
8012
8020
8024
8025
8028
8029
8030
8032
8033
8034
8043
8045
8055
8056
8058
8059
8075
8076
8077
8078
8079
8080
8083
8084
8085
8099
8101
8105
8108
8109
8110
8119
8124
8125
8126
8139
8140
8141
8144
8145
8146
8147
8148
8279
8283
8284
8290
8291
8293
8298
8299
8302
8303
8305
8308
8309
8313
8315
8316
8318
8329
8333
8334
8335
8336
8337
8338
8348
8349
8353
8356
8357
8360
8371
8375
8383
8384
8385
8393
8395
8397
8399
8404
8407
8408
8420
8427
8435
8437
8438
8439
8440
8441
8445
8448
8453
8455
8456
8458
8460
8461
8462
8463
8471
8478
8479
8480
8488
8491
8492
8493
8495
8496
8508
8512
8558
8568
8569
8570
8571
8572
8573
8581
8583
8585
8586
8589
8590
8593
8594
8595
8596
8597
8598
8599
8600
8602
8603
4094
4095
4099
4103
4107
4110
4111
4116
4118
4120
4122
4125
4129
4130
4131
4132
4133
4134
4136
4137
4139
4140
4147
4148
4149
4151
4154
4155
4157
4159
3886
3887
3889
4235
4236
4238
4239
4240
4243
4245
4248
4249
4250
4252
4255
4256
4259
4260
4261
4263
4265
4267
4269
4271
4272
4273
4274
4275
4276
4279
4280
4281
4282
4283
4285
4286
4287
4288
4289
4290
4291
4292
4294
4295
4297
4299
4301
4302
4303
4304
4306
4307
4308
4309
4310
4311
4313
4314
4315
4316
4317
4318
4319
4320
4321
4322
4323
4324
4325
4326
4327
4328
4329
4330
4334
4336
4337
4338
4340
4342
4344
4345
4349
4350
4351
4358
4359
4360
4361
4362
4363
4364
4365
4367
4368
4371
4372
4373
4376
5690
5691
5692
5693
5698
5701
5702
5703
5705
5710
5711
5713
5718
5729
5737
5738
5749
5756
5760
5777
5782
5790
5791
5792
5793
5811
5812
5814
5815
5817
5820
5822
5823
5824
5830
5832
5833
5835
5836
5837
5838
5850
5856
5857
5860
5865
5878
5881
5884
5887
5889
5893
5895
5904
5908
5910
5914
5916
5917
5919
5922
5923
5931
5938
5939
5940
5947
5948
5951
5953
5965
6014
6015
6034
6035
6042
6064
6066
6068
6069
6070
6071
6072
6073
6108
6110
6114
6115
6121
6128
6129
6130
6132
6137
6146
6147
6151
6152
6154
6167
6168
6169
6170
6175
6176
6177
6555
6566
6589
6609
6610
6614
6615
6626
6627
6628
6643
6645
6647
6649
6651
6675
6678
6701
6703
6704
7464
7465
7466
7469
7473
7474
7476
7480
7482
7486
7494
7524
7527
7540
7541
7561
7579
7580
7584
7587
7588
7589
7590
7592
7594
7596
7597
7603
7612
7616
7617
7619
7620
7637
7638
7639
7655
7666
7669
7670
7673
7684
24010
24011
24020
24021
24023
24025
24026
24039
24040
24043
24044
24118
24127
24137
24150
24151
24152
24153
24160
24161
24162
24163
24164
24165
24166
24167
24168
24169
24170
24633
24634
24635
24639
24643
24645
24646
24649
24651
24652
24653
24654
24655
24665
24666
24667
24672
24700
24701
24702
24705
24710
24711
24712
24713
24715
24717
24729
24730
24732
24750
24751
24758
24765
24771
24778
24779
24782
24791
25232
25233
25234
25235
25244
25245
25246
25248
25251
25281
25284
25285
25286
25293
25294
25295
25296
25297
25298
25302
25306
25307
25308
25309
25310
25311
25323
25326
25920
25921
25923
25926
25927
25928
25929
25931
25932
25933
25934
25935
25936
25937
25938
25941
25942
25945
25947
25948
25949
25950
25951
25953
25954
25955
25956
25957
25958
25959
25960
25964
25965
25967
25968
25969
25970
25972
25974
25975
25977
25978
25979
25980
26369
26374
26375
26376
26377
26378
26379
26380
26381
26383
26384
26385
26386
26387
26388
26389
26390
26391
26393
26395
26396
26399
26400
26401
26403
26404
26405
26406
26407
26409
26411
26412
26413
26414
26415
26416
26417
26418
26419
26420
26421
26422
26428
26429
26432
26434
26435
26437
26488
26489
26490
26491
26492
26493
26494
26495
26496
26498
26499
26500
26501
26503
26505
26506
26507
26508
26509
26510
26511
26513
26514
26515
26517
26518
26521
26523
26524
26525
26527
27130
27131
27132
27133
27134
27186
27187
27189
27191
27192
27193
27194
27195
27196
27197
27198
27199
27200
27201
27203
27204
27205
27206
27207
27208
27209
27210
27212
27213
27214
27215
27216
27217
27218
27221
10427
10446
10448
10451
10453
10466
10469
10472
10474
10478
10484
10487
10501
10503
10523
10529
10534
10566
10567
10577
10580
10583
10585
10587
10588
10590
10623
10629
10631
10634
10635
10638
10653
10657
10658
10698
10714
10718
10721
10725
10852
10863
10887
10890
10891
10910
10915
10917
10921
10946
10954
10958
10962
10964
10965
12531
12532
12534
12535
12536
12537
12538
12539
12540
12541
12544
12545
25847
25849
25852
25854
25855
25856
25857
25858
25859
25860
25862
25872
3779
3780
3785
3787
3789
3791
3793
3794
3795
3796
3797
3798
3801
3802
3804
3807
3811
3812
3813
3814
3817
3819
3820
3823
3824
3831
3832
3833
3834
3835
3838
3839
3841
3845
3846
3849
3852
3853
3854
3855
3858
3859
3860
3864
3865
3866
3867
3868
3870
3872
3874
3876
3878
3879
3880
3881
3884
4079
4080
4081
4082
4083
4088
4090
6706
6708
6712
6720
6721
6723
6728
6752
6756
6758
6761
6762
6763
6764
6785
12629
12630
12631
12632
12633
12634
12635
12636
12637
12638
12639
12640
12641
12643
12644
12645
12646
12647
12648
12656
12658
12659
12660
12661
12663
12664
12665
19387
19400
19401
19402
19424
19475
19477
19478
19506
19589
20649
20662
20663
20664
20665
20668
20677
20683
20685
20741
20795
21103
21111
21129
21130
21136
21137
21145
21146
21149
21174
21175
21176
21177
21178
21180
21181
21182
21183
21185
21203
21208
21209
21211
21213
21216
21223
21224
21225
21226
21228
21229
21640
21656
21657
21659
21660
21661
21663
21664
21676
21677
21678
21680
21681
21682
21683
21690
21691
21693
21694
21695
21696
21697
21698
21699
21700
21701
21703
21713
21714
21715
21716
21717
21718
21725
21729
21748
21749
21750
21751
21764
21765
21776
21777
21786
21787
21791
21792
21793
21796
21798
21802
21808
21809
21811
21812
21813
21814
21815
21817
21828
21837
21838
21844
21845
21846
21958
21960
21986
21997
22002
22003
22045
22083
22178
22179
22180
22181
22219
22229
22230
22231
22232
22469
22470
22472
22474
22479
22480
22539
22542
22548
22596
22608
22609
22610
22770
22771
22774
22775
22826
22833
22856
22857
22951
22952
22961
22963
22964
22975
23021
23025
23026
23027
23028
23030
23032
23054
23055
23071
23072
23199
23200
23201
23205
23210
23214
23262
23281
23295
23328
23334
23361
23366
23372
23375
23376
23377
23378
23380
23382
23383
23386
23396
23442
23451
23452
23453
23454
23574
23654
23656
23657
23658
23659
23700
23710
23739
23740
23758
23762
23764
23765
23768
23770
23772
23773
23823
23939
23940
23941
23942
23944
24009
24140
24142
24144
24145
24147
24149
24431
24432
24433
23520
10424
10425
10430
10447
10449
10452
10455
10468
10471
10473
10477
10483
10488
10502
10522
10526
10531
10552
10568
10581
10584
10586
10589
10592
10630
10632
10636
10652
10654
10655
10656
10659
10700
10720
10724
10727
10728
10729
10730
10731
10733
10734
10735
10736
10737
10738
10744
10745
10746
10747
10748
10751
10752
10753
10757
10758
10761
10762
10765
10766
10767
10768
10769
10786
10810
10812
10813
10814
10827
10838
10842
10843
10844
10845
10847
10848
10850
10862
10864
10869
10885
10888
10905
10911
10916
10931
10932
10936
10941
10947
10957
10961
10963
10976
10978
10980
10996
10998
11001
11007
11011
11013
11020
11026
11044
11057
11077
11084
11086
11105
11107
11116
11119
11124
11131
11138
11142
11149
11152
11157
11159
11163
11166
11170
11172
11174
11177
11185
11190
11191
11192
11199
11201
11216
11292
11295
11304
11327
11336
11337
11338
11340
11341
11343
11346
11351
11354
11356
11361
11363
11366
11810
11812
11815
11816
11817
11818
11821
11823
11824
11825
11828
11841
11843
11845
11848
11849
11851
11852
11858
11859
11861
11862
11863
11864
12023
12024
12025
12027
12028
12030
12032
12036
12037
12038
12039
12042
12044
12045
12051
12059
12061
12062
12063
12064
12065
12066
12067
12068
12069
12070
12072
12076
12078
12081
12082
12083
12085
12086
12090
12092
12093
12095
12102
12103
12107
12113
12114
12115
12118
12119
12121
12124
12125
12126
12127
12130
12132
12133
12134
12135
12140
12141
12142
12143
12144
12146
12147
12152
12153
12155
12157
12158
12160
12164
12166
12167
12483
12484
12485
12487
12488
12489
12491
12492
12494
12495
12498
12499
12501
12503
12504
12505
12506
12507
12508
12509
12510
12511
12512
12513
12514
12518
12519
12521
12522
12524
12527
12528
12530
12361
12363
12364
12367
12368
12370
12371
12372
12373
12374
12375
12376
12377
12378
12379
12380
12381
12382
12384
12385
12386
12387
12388
12389
12390
12393
12394
12395
12396
12397
12398
12399
12401
12402
12404
12406
12407
12410
12411
12412
12413
12415
12418
12420
12425
12426
12427
12429
12430
12431
12434
12435
12436
12438
12439
12440
12444
12445
12446
12447
12448
12449
12451
12452
12453
12454
12455
12458
12459
12460
12461
12462
12464
12465
12466
12468
12469
12470
12474
12475
12476
12477
12481
12482
12620
12621
12622
12623
12624
12625
12626
12627
12628
12168
12170
12171
12172
12175
12176
12177
12178
12179
12181
12182
12184
12185
12186
12188
12192
12195
12196
12201
12202
12203
12204
12205
12206
12207
12208
12213
12214
12215
12216
12217
12218
12219
12220
12221
12223
12225
12226
12227
12230
12231
12232
12233
12236
12237
12238
12239
12241
12243
12244
12246
12247
12249
12250
12251
12252
12253
12254
12255
12256
12257
12260
12262
12263
12264
12265
12266
12267
12268
12269
12270
12273
12274
12275
12276
12277
12278
12279
12280
12281
12282
12283
12284
12285
12286
12287
12288
12291
12292
12294
12298
12300
12301
12303
12305
12314
12320
12321
12322
12547
12548
12549
12550
12551
12552
12553
12554
12555
12556
12557
12560
12561
12564
12565
12567
12569
12570
12571
12572
12573
12575
12577
12578
12579
12580
12581
12582
12583
12584
12588
12590
12591
12592
12593
12594
12595
12596
12597
12598
12599
12601
12605
12606
12607
12608
12609
12610
12611
12612
12613
12614
12615
12617
12618
12619
16785
16789
16793
16796
16890
16911
16912
16913
16915
16917
16919
16920
16921
16922
16923
17188
17192
17239
17246
17251
17254
17255
17256
17257
17258
17260
17261
17262
17280
17281
17283
17297
17298
17306
17318
17319
17321
17322
17323
17324
17326
17327
17335
17336
17337
17339
17340
17352
17354
17356
17363
17372
17390
17394
17399
17403
17427
17428
17485
17518
17706
12836
12837
12840
12841
12843
12844
12845
12846
12847
12848
12852
12853
12854
12857
12861
12862
12864
12865
12866
12869
12873
12882
12883
12884
12885
12886
12887
12888
12889
12890
12891
12892
12894
12895
12896
12897
12898
12902
12903
12904
12911
12912
12913
12915
12916
12918
12920
12923
12926
12928
12930
12950
12952
12953
12954
12956
13001
13002
13004
13005
13006
13009
13010
13011
13024
13026
13027
13030
13031
13035
13036
13038
13040
13042
13048
13049
13050
13052
13053
13054
13055
13099
13100
13101
13102
13103
13104
13108
13109
13110
13111
13114
13116
13118
13119
13121
13122
13139
13140
16924
16925
16926
16929
16930
16939
16980
17004
17060
17061
17062
17091
17092
17093
17094
17095
17096
17097
17098
17110
17111
17114
17121
17127
17128
17130
17132
17134
17148
17149
17150
17151
17154
18396
18471
18535
18536
18537
18549
18555
18556
6789
6790
6791
6792
6793
6794
6797
6802
6807
6811
6812
6813
6823
6825
6826
6837
6838
6839
6840
6841
6843
6845
6850
6852
6853
6857
6865
6866
6871
6879
6883
6886
6889
6890
6891
6892
6893
6894
6895
6896
9414
9415
9416
9423
9427
9429
9430
9444
9445
9458
9461
9463
9468
9469
9470
9471
9473
9478
9479
9481
9482
9491
9492
9493
9495
9496
9501
9502
8698
8700
8701
8705
8706
8712
8713
8728
8729
8730
8733
8734
8735
8736
8737
8738
8744
8748
8753
8754
8755
8756
8757
8758
8759
8764
8774
8781
8805
8806
8807
8808
8809
8828
8847
8850
8853
8854
8865
8866
8870
8872
8887
8899
8906
8909
8926
8927
8928
8930
8931
8933
8947
8959
8961
8978
8982
8984
8986
9010
9022
9023
9025
9027
9028
9043
9044
9045
9046
9047
9048
9049
9050
9062
9064
9065
9071
9075
9076
9077
9078
9084
9090
9091
9093
9095
9096
9099
9100
9109
9110
9111
9118
9119
9120
9122
9123
9124
9125
9127
9130
9155
9156
9157
9158
9159
9191
9214
9215
9216
9225
9226
9228
9233
9236
9237
9238
9242
9243
9246
9248
9249
9250
9263
9264
9265
9270
9271
9272
9273
9274
9276
9280
9284
9286
9287
9288
9289
9299
9306
9308
9326
9327
9328
9331
9332
9341
9347
9349
9356
9363
9364
9368
9369
9372
9373
9383
9385
9386
9387
9388
9403
9404
9407
9408
9409
9413
10101
10102
10103
10104
10105
10106
10107
10111
10112
10113
10123
10124
10125
10126
10131
10132
10134
10135
10138
10139
10140
10141
10144
10145
10146
10153
10155
10157
10173
10175
10177
10179
10180
10182
10184
10205
10206
10209
10210
10217
10219
10220
10223
10224
10239
10240
10241
10242
10244
10250
10259
10260
10261
10262
10271
10272
10274
10276
10290
10292
10293
10294
10295
10303
10304
10305
10306
10307
10308
10309
10311
10314
10315
10320
10321
10323
10324
10325
10338
10349
10350
10351
10352
10356
10358
10359
10360
10361
10362
10363
10364
10367
10368
10369
10370
10371
10373
10384
10385
10386
10396
10397
8607
8610
8611
8612
8617
8620
8622
8623
8659
8670
8671
8672
8680
8681
8688
8689
8692
8693
8694
8695
8696
8697
12666
12667
12668
12669
12672
12673
12674
12678
12679
12683
12684
12685
12686
12689
12765
12767
12769
12770
12771
12772
12773
12776
12791
12792
12795
12796
12798
12799
12801
12803
12804
12805
12809
18569
18592
18593
18619
18635
18643
18644
18648
18649
18650
18657
18659
18720
19590
19605
19611
19640
19711
19713
19721
19812
19817
19859
19861
19880
19882
19886
19888
19905
19908
19939
19942
19944
19945
19951
19953
19954
19955
19961
19962
19963
19964
19965
19966
19967
19968
19969
19970
19971
19972
19973
19974
19975
19976
19977
19978
19979
19980
19986
19987
19988
19989
20015
20030
20031
20032
20038
20800
20801
20804
20812
20813
20819
20867
20868
20872
20881
20889
20894
20895
20896
20899
20900
20907
19139
19140
19141
19142
19143
19148
19149
19150
19152
19176
19177
19189
19209
19211
19214
19221
19222
19223
19224
19226
19229
19236
19240
19241
19247
19266
19271
19272
19273
19279
19280
19283
19299
19306
19308
19316
19317
19318
19319
19320
19322
19323
19324
19326
19328
19329
19330
19370
19376
19378
19379
19380
20043
20044
20067
20069
20096
20098
20099
20100
20101
20102
20113
20114
20115
20116
20120
20122
20123
20127
20148
20149
20150
20151
20160
20200
20201
20208
20209
20212
20213
20256
20258
20262
20263
20264
20265
20270
20278
20289
20292
20300
20301
20302
20307
20362
20363
20378
20380
20381
20388
20390
20405
20406
20407
20408
20409
20415
20513
20514
20516
20570
20573
20575
20579
20588
20609
20610
20613
20614
20615
20616
20617
20620
20628
20629
20643
21492
21493
21499
21500
21505
21508
21509
21510
21511
21512
21514
21517
21524
21529
21530
21531
21542
21543
21544
21545
21547
21548
21563
21592
21593
21595
21597
21598
21599
21600
21607
21608
21610
21615
21616
21617
21618
21626
21627
21638
21639
11369
11371
11377
11379
11384
11393
11400
11402
11673
11674
11676
11677
11679
11680
11681
11682
11685
11688
11689
11690
11694
11695
11698
11701
11702
11704
11705
11711
11714
11718
11720
11722
11723
11726
11727
11729
11730
11732
11736
11737
11738
11739
11740
11742
11755
11757
11758
11759
11760
11761
11762
11765
11766
11767
11769
11770
11772
4160
4167
3631
3632
3635
3638
3639
3641
3644
3645
3648
3651
3653
3657
3658
3659
3660
3661
3663
3664
3665
3666
3667
3668
3669
4552
4554
4555
4562
4568
4570
4580
4585
4590
4601
4609
4618
4619
4669
4670
4674
4676
4677
4680
4684
4692
4701
4702
4703
4705
4708
4709
4710
4711
4712
4713
4730
4762
4763
4765
4791
4794
4795
4798
4799
4822
4823
4851
4858
4859
4860
4861
4862
4886
4898
4899
4903
4904
4905
4906
4933
4936
4978
4980
4981
4993
4996
4997
5001
5003
5006
5008
5010
5011
5014
5017
5030
5031
6178
6179
6180
6183
6185
6187
6198
6199
6201
6202
6209
6211
6216
6217
6219
6222
6246
6247
6248
6277
6278
6281
6282
6290
6295
6301
6308
6313
6316
6317
6340
6342
6343
6344
6349
6351
6352
6354
6355
6356
6357
6358
6359
6360
6367
6368
6384
6386
6388
6390
6391
6410
6412
6424
6433
6434
6436
6439
6445
6447
6449
6452
6460
6461
6463
6464
6465
6466
6474
6475
6477
6478
6480
6481
6482
6489
6490
6491
6492
6493
6505
6506
6508
6515
6521
6522
6523
6524
6527
6528
6529
6530
6535
6537
6540
6547
6552
27361
27362
27363
27364
27365
27366
27367
27368
27369
27370
27371
27372
27374
27375
27376
27377
27378
27379
27381
27382
27383
27384
27385
27386
27387
27388
27389
27390
27391
27392
27458
27459
27461
27463
27464
27465
27466
27468
27469
27470
27471
27473
27475
27476
27479
27480
27481
27341
27343
27344
27345
27346
27347
27348
27349
27350
27351
27353
27354
27355
27356
27358
27359
27360
27427
27428
27429
27430
27432
27433
27434
27437
27438
27439
27441
27442
27443
27445
27446
27448
27450
27453
27454
27456
27457
27514
27518
27519
27520
27523
27524
27525
27527
27529
27530
27531
27532
27535
27536
27537
27538
27539
27554
27555
27556
27557
27558
27559
27601
27602
27603
27604
27605
27606
27609
27610
27616
27617
27618
27620
27621
27622
27625
27626
27627
27629
27630
27632
27700
27701
27703
27704
27705
27707
27708
27710
27711
27753
27754
27755
27756
27757
27758
27759
27761
27762
27763
27804
27805
27806
27807
27808
27809
27810
27811
27813
27814
27815
27816
27817
27818
27819
27820
27821
27823
27825
27418
28102
28119
28124
28129
28130
28133
28181
28182
28183
28184
28185
28187
28190
28191
28194
28196
28198
28199
28200
28242
28243
28245
28246
28247
28248
28253
28254
28257
28258
28259
28260
28261
28262
28265
28266
28272
28314
28317
28319
28323
28324
28326
28327
28328
28329
28331
28332
28334
28335
28336
28337
28338
28339
28463
28466
28468
28469
28470
28476
28480
28481
28482
28484
28485
28486
28109
28110
28111
28113
28115
28118
28142
28143
28145
28146
28149
28150
28152
28154
28156
28159
28162
28163
28166
28167
28172
28173
28174
28177
28179
28215
28216
28219
28220
28221
28222
28223
28225
28226
28227
28230
28238
28240
28241
28295
28296
28298
28299
28300
28301
28302
28303
28306
28310
28311
28312
28313
28397
28398
28400
28404
28411
28412
28413
28416
28417
28418
28423
28425
28427
28429
28431
28434
28435
28437
28438
28439
28440
28441
28442
28443
28445
28446
28454
28455
28456
28457
26680
26681
26682
26683
26684
26685
26686
26687
26688
26689
26690
26691
26692
26693
26694
26695
26696
26697
26699
26700
26701
26702
26703
26705
26707
26708
26709
26710
26711
26712
26713
26714
26715
26716
26717
26718
26719
26769
26770
26774
26776
26777
26778
26779
26780
26782
26783
26784
26788
26789
26607
26609
26610
26611
26612
26613
26614
26616
26617
26622
26623
26624
26625
26626
26630
26631
26632
26633
26634
26635
26636
26637
26639
26640
26641
26646
26647
26648
26649
26650
26651
26652
26656
26657
26659
26664
26665
26666
26668
26669
26670
26671
26675
26676
26677
26678
26679
26825
26827
26829
26830
26831
26832
26834
26835
26836
26840
26841
26842
26843
26849
26856
26857
26858
26859
26860
26862
26865
26866
26867
26868
26869
26873
26875
26879
26880
26882
26884
26885
26886
26890
26894
26895
26897
26898
26900
26901
26903
26905
26906
26907
26908
26910
26913
26914
26919
26920
26921
26923
26926
26927
26929
26930
26932
26933
26934
26937
26939
26940
26941
26942
26943
26944
26945
26946
26948
26949
26950
26952
26953
26954
27482
27542
27543
27545
27546
27547
27548
27549
27551
27552
27553
27578
27582
27588
27589
27590
27591
27592
27593
27595
27596
27597
27598
27612
27613
27614
27615
27648
27395
27396
27398
27402
27403
27405
27406
27407
27408
27409
27410
27411
27412
27413
27414
27415
27416
27749
27750
27829
24257
24296
24557
24558
24559
24560
24562
24563
24565
24567
24569
24570
24573
24574
24577
24586
24587
24588
24589
24590
24591
24592
24593
24594
24599
24602
25057
25058
25059
25061
25062
25063
25064
25065
25075
25076
25093
25094
25095
25096
25098
25100
25101
25102
25103
25104
25113
25137
25138
25163
25168
25176
25177
25178
25182
25188
25189
25192
25193
25194
25195
25196
25197
25198
25199
25201
25202
25203
25204
25228
25229
25230
25231
25369
25391
25392
25393
25394
25395
25397
25398
25399
25400
25420
25421
25422
25424
25425
25426
25427
25431
25432
25881
25883
26333
26334
26335
26336
26337
26338
26339
26341
26343
26344
26345
26348
26349
26352
26353
26354
26355
26356
26359
26360
26361
26364
26365
26366
26367
26368
26439
26441
26442
26443
26444
26447
26449
26450
26451
26452
26453
26454
26456
26458
26459
26461
26462
26465
26466
26467
26469
26470
26471
26472
26473
26474
26475
26476
26477
26478
26479
26480
26481
26482
26483
26484
26528
26529
26530
26533
26534
26535
26536
26537
26538
26539
26540
26543
26544
26546
26547
26548
26549
26550
26551
26552
26553
26554
26555
26556
26557
26560
26562
26564
26565
26566
26567
26568
26571
26572
26573
26574
26575
26576
26578
26580
26581
26582
26583
26586
26589
26590
26591
26593
26594
26595
26597
26599
26600
27521
3656
24910
27920
28765
3882
5032
10966
25660
11004
11683
14392
21373
23502
27947
28047
9370
12050
13980
18102
18251
20814
27654
27655
27656
27657
27658
27689
27690
27691
27692
27693
27694
27698
27715
27717
27719
27720
27722
27723
27724
27725
27726
27728
27729
27730
27732
27733
27734
27735
27736
27737
27738
27740
27741
27742
27743
27765
27766
27767
27769
27770
27771
27772
27774
27777
27779
27780
27785
27790
27791
27792
27793
27794
27797
27798
27801
27802
27803
27859
27864
27867
27868
27870
27871
27872
27873
27901
27902
27903
27904
27906
27908
27909
27910
27911
27916
27917
27918
27919
27934
27937
27938
27939
27940
27941
27944
28012
28013
28014
28015
28016
28070
28073
28074
28076
28077
28079
28080
28083
28084
28087
27980
28022
28023
28025
28028
28029
28031
28033
28036
28039
28042
28043
28088
28090
28091
28092
28093
28096
28101
27419
27420
27421
27422
27423
27426
27483
27484
27486
27487
27489
27490
27491
27492
27493
27494
27495
27496
27497
27499
27500
27501
27503
27504
27505
27507
27508
27509
27510
27512
27513
27560
27561
27563
27564
27565
27567
27568
27572
27573
27574
27575
27577
27633
27634
27636
27637
27638
27639
27640
27641
27642
27643
27644
27645
27661
27662
27663
27664
27665
27666
27669
27671
27674
27675
27677
27679
27681
27686
27687
27688
27744
27746
27747
27748
25884
25886
25888
25889
25890
25891
25892
25894
25895
25897
25899
25900
25901
25902
25903
25904
25905
25906
25907
25908
25909
25910
25911
25912
25915
25916
25917
25918
25919
26790
26791
26792
26793
26795
26796
26797
26799
26801
26802
26803
26804
26807
26808
26809
26810
26814
26815
26816
26817
26819
26820
26822
26823
26824
27075
27078
27079
27080
27083
27084
27086
27087
27088
27089
27091
27093
27095
27097
27098
27099
27100
27101
27103
27106
27107
27108
27109
27111
27112
27113
27114
27115
27117
27118
27119
27120
27122
27123
27124
27125
27126
10977
10997
11000
11002
11003
11010
11012
11018
11024
11027
11072
11080
11083
11085
11087
11106
11117
11123
11127
11130
11132
11141
11143
11144
11145
11146
11147
11148
11150
11151
11153
11154
11155
11158
11160
11162
11164
11167
11171
11173
11175
11176
11178
11188
11189
11196
11198
11200
11213
11225
11240
11289
11290
11291
11293
11314
11318
11320
11322
11326
11330
11349
11352
11355
11357
11358
11359
11360
11364
11365
11367
11368
11370
11376
11378
11380
11381
11395
11401
11403
11406
11408
11410
11414
11421
11424
11432
11435
11438
11446
11448
11450
11454
11458
11460
11462
11471
11472
11476
11477
11480
11481
11482
11490
11492
11499
11502
11508
11509
11512
11514
11515
11519
11521
11522
11523
11524
11533
11534
11535
11536
11537
11538
11539
11540
11543
11545
11546
11547
11548
11549
11550
11551
11552
11553
11554
11555
11556
11559
11560
11561
11562
11563
11565
11566
11567
11571
11572
11641
11642
11643
11646
11648
11649
11650
11652
11653
11654
11657
11659
11664
11666
11668
11407
11409
11412
11413
11417
11422
11423
11430
11433
11436
11440
11447
11449
11453
11457
11461
11469
11574
11575
11578
11579
11580
11581
11583
11585
11586
11587
11589
11600
11605
11606
11609
11610
11611
11612
11614
11615
11618
11619
11625
11626
11627
11628
11630
11631
11633
11634
11636
11637
11773
11774
11796
11797
11798
11801
11802
11803
11805
11806
11809
11865
11866
11867
11868
11869
11870
11872
11873
11874
11875
11880
11884
11887
11888
11889
11890
11893
11894
11895
11896
11897
11899
11900
11901
11906
11907
11909
11910
11911
11913
11914
11915
11916
11917
11918
11921
11925
11926
11939
11941
11944
11946
11948
11949
11951
11952
11954
11963
11969
11972
11974
11976
11977
11978
11979
11980
11981
11984
11994
11995
11996
11997
11999
12004
12007
12009
12012
12013
12014
12016
12018
12019
12020
12022
12323
12324
12325
12327
12328
12330
12331
12332
12333
12334
12336
12337
12338
12340
12342
12345
12347
12354
12358
27830
27831
27832
27833
27834
27835
27839
27840
27842
27845
27847
27848
27849
27853
27855
27856
27857
27858
27981
27985
27986
27987
27988
27990
27991
27992
27995
27996
27997
27998
28000
28001
28002
28003
28004
28005
28006
28009
28044
28048
28050
28052
12825
12828
12829
12830
12833
12834
12835
20950
20953
20954
20959
20960
20961
20999
21009
21011
21012
21013
21014
21015
21016
21017
21019
21021
21022
21023
21024
21026
21027
21028
21031
21032
21033
21034
21035
21036
21037
21067
21068
21071
21072
21074
21101
21102
21236
21245
21246
21247
21255
21258
21259
21260
21303
21305
21306
21307
21341
21342
21343
21344
21345
21347
21348
21349
21357
21368
21369
21370
21372
21394
21396
21397
21398
21399
21400
21407
21424
21425
21429
21430
21431
21469
21474
21476
21477
21478
21480
21491
22128
22131
22132
22133
22135
22136
22164
22167
22172
22175
22176
22177
22220
22228
22359
1692
1751
12000
12245
12751
15129
17115
25853
28061
28577
28578
28743
28748
28749
28750
28755
28756
28757
28759
28760
28761
28762
28763
28764
28766
28767
28769
28770
28771
28776
28778
28789
28026
28283
8715
24171
24201
24202
24203
24204
24209
24218
24229
24254
24255
24256
24604
24612
24613
24614
24615
25433
25434
25435
25444
25445
25464
25468
25469
25479
25480
25481
25482
25483
25484
25485
25486
25487
25488
25495
25497
25498
25499
25500
25501
25502
25505
25506
25507
25509
25511
25514
25516
25517
25522
25523
25524
25744
25746
25747
25754
25755
25758
25759
25761
25762
25763
25764
25766
25767
25769
25770
25772
25773
25774
25775
25776
25780
25781
25782
25783
25784
25786
25787
25788
25789
25790
25792
25794
25795
25796
25797
25798
25799
25802
25804
25805
25806
25807
25808
25811
25812
25813
25814
25815
25816
24819
24832
24835
24837
24838
24839
24840
24841
24842
24843
24853
24854
24855
24856
24875
24877
24894
24895
24897
24899
24904
24907
24908
24909
24911
24912
24913
24914
24915
24918
24946
24947
24951
24952
24955
24956
25020
25021
25022
25023
25024
25025
25026
25027
25035
25055
25056
25564
25565
25566
25567
25568
25569
25572
25577
25579
25581
25582
25583
25584
25586
25587
25588
25589
25590
25592
25594
25595
25596
25597
25598
25599
25600
25601
25604
25606
25607
25609
25610
25611
25612
25614
25615
25616
25617
25619
25620
25621
25622
25623
25625
25626
25628
25630
25631
25632
25634
25636
25637
25638
25640
25643
25644
25645
25646
25647
25648
25651
25652
25653
25654
25655
25656
25657
25658
25662
25817
25818
25821
25826
25832
25833
25834
25835
25837
25839
25840
25841
25842
25845
25846
25866
25869
25870
25873
25874
25875
25876
25878
25880
25982
25983
25984
25986
25989
25991
25992
25993
25994
25995
25996
25997
25998
26004
26005
26006
26007
26012
26013
26014
26015
26018
26019
26022
26024
26027
26028
26029
26031
26032
26034
26041
26042
26043
26045
26047
26048
26050
26052
26142
26152
26154
26155
26157
26159
26160
26161
26162
26163
26164
26165
26167
26168
26171
26173
26174
26175
26177
26178
26179
26182
26183
26184
26185
26186
26189
26190
26191
26193
26194
26307
26308
26309
26310
26311
26312
26313
26314
26317
26318
26319
26320
26321
26322
26324
26325
26326
26327
26328
26329
26331
26054
26056
26058
26059
26061
26062
26067
26068
26069
26071
26072
26073
26074
26077
26078
26080
26081
26082
26084
26087
26089
26100
26101
26102
26103
26105
26106
26109
26110
26111
26112
26114
26115
26116
26117
26118
26121
26123
26124
26131
26132
26134
26139
26140
26141
26201
26202
26203
26204
26205
26206
26208
26211
26212
26213
26214
26215
26216
26217
26218
26220
26222
26224
26226
26227
26229
26230
26231
26232
26237
26238
26239
26241
26242
26244
26245
26249
26250
26251
26252
26253
26255
26256
26257
26258
26259
26260
26261
26262
26263
26265
26266
26267
26269
26270
26272
26279
26280
26281
26282
26283
26285
26286
26288
26289
26290
26291
26293
26294
26295
26296
26297
26300
26301
26303
26304
26601
26602
26603
26604
26605
26606
935
936
937
938
940
941
944
945
957
959
960
966
971
972
973
976
977
978
980
981
991
992
994
995
1001
1020
1021
1022
1023
1003
1004
1006
1007
1010
1011
1012
1013
1014
1015
1016
1017
1018
1019
1032
1033
1034
1035
1036
1037
1038
27827
27877
27878
27880
27881
27882
27883
27884
27885
27886
27887
27888
27889
27890
27891
27892
27893
27895
27899
27921
27925
27927
27929
27930
27931
27932
27952
27955
27956
27959
27960
27964
27965
27966
27970
27977
27978
28120
28121
28122
28123
28126
28134
28137
28140
28141
28205
28206
28208
28214
28273
28276
28277
28278
28279
28280
28281
28285
28287
28288
28289
28290
28292
28340
28341
28343
28344
28346
28347
28348
28350
28352
28354
28355
28356
28357
28368
28369
28371
28374
28375
28054
28056
28058
28062
28064
28065
28066
28067
20908
20917
20925
20930
20931
20932
20933
20940
20948
20949
23007
23038
23039
23041
23042
23043
23048
23053
23215
23216
23251
23253
23255
23256
23259
23323
23408
23409
23410
23411
23437
23440
23529
23531
23534
23550
23551
23552
23583
23584
22243
22245
22253
22282
22283
22291
22303
22304
22305
22306
22315
22348
22350
22351
22353
22355
22357
22358
22611
22660
22661
22662
22677
22678
22708
22709
22710
22718
22720
22721
22722
22723
22735
22736
22746
22747
22816
22817
22818
22821
22823
22824
22825
22858
22889
22890
22891
22900
22903
22912
22913
22914
22915
22916
22921
23008
23009
23010
23015
23017
23018
23019
23020
23073
23106
23107
23108
23109
23110
23111
23113
23114
23116
23117
23118
23119
23120
23121
23122
23134
23135
23142
23147
23154
23160
23162
23163
23164
23165
23166
23167
23168
23170
23171
23172
23173
23174
23175
23180
23182
23190
23191
23194
23195
23196
23197
23198
23263
23265
23267
23268
23269
23270
23456
23457
23459
23463
23466
23467
23469
23470
23476
23477
23498
23503
24434
18726
18727
18728
18804
18840
18841
18875
18876
18878
18879
18880
18893
18895
18896
18899
19004
19005
19083
19085
19093
19095
19121
19137
19138
22360
22361
22382
22394
22432
22434
22435
22455
22456
22750
22755
22756
22760
22761
22762
22764
22766
22767
22769
22834
22842
22845
22846
22847
22852
22853
22854
22922
22924
22930
22934
22935
22936
22950
22976
22977
22978
22980
22992
22993
22994
22995
23522
23523
23524
23526
23592
23593
23594
23595
23596
23597
23648
23649
23652
24547
24548
24550
24616
24618
24619
24620
24622
24631
24632
23829
23830
23835
23836
23811
23812
23813
23814
23815
23816
23818
23819
23821
24551
24554
7857
27896
979
2383
24919
2183
28049
26990
334
382
388
545
548
700
805
25973
25976
26060
26088
26133
26176
26243
26248
26268
26302
26323
26370
26382
26408
26423
26448
26486
26526
26569
26592
26645
26838
26845
26851
26892
26896
26931
26938
26973
27102
27219
27220
27243
27257
27260
27057
28138
28304
28330
28353
28361
28363
28364
28367
28384
28390
28399
28401
28515
28534
28546
28551
28738
9844
26532